Accuracy: 0.3896296296296296
Precision: 0.4154350895306107
Recall: 0.3896296296296296
F1 Score: 0.3780335011076383
