Accuracy: 0.6391304347826087
Precision: 0.6812530815446205
Recall: 0.6391304347826087
F1 Score: 0.6363701029753194
